      0/19     1.79G   0.05195   0.01742   0.02163     0.091        40       640    0.5209    0.6302    0.5678    0.3129   0.05322   0.01153   0.01969
      1/19     13.2G   0.03417   0.01396    0.0126   0.06073        19       640    0.7742    0.7739      0.81    0.6013    0.0495   0.01026   0.01455
      2/19     15.5G   0.02677   0.01307  0.009705   0.04955        32       640    0.5887     0.556    0.5765    0.4069   0.05893   0.01313   0.01998
      3/19     15.5G    0.0244   0.01354  0.009738   0.04768        49       640    0.6881    0.6406    0.6991    0.5249   0.06225   0.01083   0.01535
      4/19     15.5G   0.02257   0.01347  0.009185   0.04522        20       640    0.7236    0.6714    0.7478    0.5744   0.04708   0.01128   0.01418
      5/19     15.5G   0.02119   0.01281  0.007796    0.0418         8       640      0.79    0.7347    0.8143      0.63   0.04187   0.01103   0.01288
      6/19     15.5G    0.0199   0.01259  0.007538   0.04003        35       640    0.7625    0.7947    0.8334    0.6644   0.04681   0.01067   0.01115
      7/19     15.5G   0.01922    0.0125  0.006717   0.03843        50       640    0.7838    0.7529    0.8233    0.6782   0.04075   0.01076   0.01187
      8/19     15.5G   0.01911   0.01208  0.007091   0.03828        20       640    0.7741    0.6914    0.7823    0.6485   0.04081   0.01071   0.01308
      9/19     15.5G   0.01837   0.01184  0.006702   0.03692        23       640    0.8212    0.7769    0.8435    0.6991   0.03926   0.01037   0.01048
     10/19     15.5G   0.01742   0.01165  0.005893   0.03497        13       640    0.7879    0.7752     0.833    0.6928   0.03506   0.01101   0.01049
     11/19     15.5G   0.01657   0.01107  0.005427   0.03306        26       640    0.8274    0.7241    0.8371    0.6991   0.03288   0.01084   0.01173
     12/19     15.5G   0.01635   0.01107  0.005312   0.03273         8       640    0.8081    0.8082    0.8593    0.7332   0.03126   0.01115  0.009374
     13/19     15.5G    0.0156   0.01052  0.004654   0.03077        14       640    0.8689    0.8224    0.8979    0.7672   0.03066   0.01087  0.008361
     14/19     15.5G   0.01555   0.01017  0.004361   0.03008        18       640    0.8453    0.8233    0.8913    0.7727   0.02916     0.011  0.008004
     15/19     15.5G   0.01474   0.01018  0.003957   0.02889        12       640    0.8076    0.8933    0.9069    0.7924   0.02681   0.01097  0.007112
     16/19     15.5G   0.01448   0.00974  0.004015   0.02823        23       640     0.864    0.8291    0.9024    0.7843   0.02646   0.01129  0.007142
     17/19     15.5G   0.01412  0.009738  0.003503   0.02736        36       640    0.8485    0.8895    0.9122    0.7962   0.02482   0.01113  0.005952
